0.938973586702919
0.5823954387574214
0.9695647864162312
0.8880225981259462
0.8975931860636887
0.8453764686136119
0.8364389925607876
1.0
0.8481968049072801
0.5747156684873689
0.7390862381539481
0.5095075351568977
0.9695647864162312
0.8988192057170151
1.0
0.7904382990300544
0.9186605867455662
1.0
0.8453764686136119
0.8886530382341451
0.9183659860570417
0.7001403023087793
0.9186605867455664
0.850444173199031
0.6439316869814669
0.8981827737171441
1.0
0.36446718686100665
0.28998292995337943
1.0
0.5268863450196793
0.8664958895604157
0.9695647864162312
0.8280028032326446
1.0
0.8453764686136119
